[[0.19528072164343302, 0.5158148013018331, 0.34088141873877287], [0.8517714402432383, 0.00293198486978985, 0.4274128155464497], [0.8198558235569982, 0.7822479417985417, 0.7738063829166072]]
[[0.09797158628339198, 0.7894975359012046, 0.0818374447681357], [0.22222034993002915, 0.7728603098152238, 0.01365575272048869], [0.41069361852507025, 0.9623847493388699, 0.9789637349999976]]
[[0.6198820405901041, 0.8032159663425021, 0.380901224284782], [0.10089479768923248, 0.10284599032145736, 0.018656810191543083], [0.41788000319835517, 0.3787626972260313, 0.2445566987376977]]
[[0.8745092272306678, 0.6676837428659831, 0.0720657657368543], [0.6897119626343509, 0.6059748166244284, 0.05966676295894091], [0.7925371312979687, 0.22235079940752445, 0.39673756606015853]]
[[0.8859014820247403, 0.816048921727543, 0.2820322113915139], [0.5245424522083332, 0.5695152746195931, 0.5785957747300733], [0.14876786063793468, 0.9090903203286882, 0.423041815205043]]
[[0.40261650741997246, 0.9403850273480355, 0.5998998577999967], [0.8148988489744053, 0.48400021371920043, 0.08091296721971586], [0.5441043081642327, 0.9874313715941795, 0.16311696102337347]]
[[0.17398606168983644, 0.4493068658235081, 0.6486651617097997], [0.6345946085024372, 0.2217510622251283, 0.6864473986333702], [0.10970993472186064, 0.23301679587614077, 0.27543255068461747]]
[[0.10421739236276639, 0.027851601872181275, 0.9718174857180211], [0.17081312433621565, 0.23568406924873142, 0.8587716282605865], [0.45276832449502835, 0.050640097852122534, 0.7670487084747049]]
[[0.3095980911301405, 0.07779746145938804, 0.11205997401417], [0.45086748219563266, 0.6233070146922259, 0.4834559831480657], [0.09865723809556359, 0.5401187727495964, 0.05909444850711576]]
[[0.9341418156318695, 0.17827695410790922, 0.9282801276537669], [0.9173440895837899, 0.007849010377617427, 0.5714544853963764], [0.08988016859425563, 0.1742507379098419, 0.9547635772075534]]
