1.203051283114939
0.9066593896323194
0.7222991920140704
0.6055564860637266
0.5333183372747379
0.4933433771984882
0.4744905624788348
0.4674675268380617
0.4662249164790634
0.4674576172674894
0.46954523610213983
0.47175638683288246
0.4737941544566393
0.47556330864925
0.4770568236600746
0.478302215000206
0.47933701843474064
0.480198241135739
0.48091838702448575
0.48152447058355563
0.48203829620452987
0.4824771910479203
0.48285482400859087
0.4831819582926309
0.4834670865421306
0.48371694300109286
0.48393690563132874
0.4841313067053654
0.484303670336465
0.48445689311779183
0.48459338116067624
0.484715154058031
0.4848239239197647
0.48492115569098276
0.48500811344001504
0.4850858961293619
0.48515546549098065
0.4852176679567002
0.485273252093584
0.48532288262162165
0.48536715181512635
0.4854065888851104
0.4854416677891408
0.48547281380381924
0.48550040911277165
0.4855247976021633
0.4855462890106456
0.48556516254709825
0.4855816700645153
0.48559603885961594
0.48560847415362973
0.4856191612989542
0.48562826774818546
0.48563594481566286
0.4856423292567303
0.48564754468600646
0.48565170285284365
0.4856549047896394
0.4856572418465951
0.48565879662482736
0.4856596438182893
0.4856598509737662
0.48565947917715835
0.4856585836733856
0.48565721442645393
0.4856554166255561
0.4856532311424686
0.4856506949449805
0.4856478414706131
0.48564470096446916
0.48564130078467305
0.48563766567852285
0.48563381803217326
0.48562977809639374
0.4856255641906997
0.48562119288793415
0.4856166791811741
0.4856120366346604
0.48560727752027855
0.48560241294098017
0.4855974529423961
0.48559240661376885
0.485587282179234
0.4855820870803717
0.4855768280508632
0.48557151118401265
0.4855661419938138
0.4855607254701823
0.48555526612890937
0.4855497680568451
0.48554423495276594
0.48553867016434027
0.48553307672156504
0.48552745736701064
0.4855218145831802
0.48551615061725883
0.48551046750350163
0.4855047670834871
0.4854990510244406
0.4854933208358092